Aligned Sequence 1:
GGGT-TAAACAGTACAGTAAG
Aligned Sequence 2:
GGGTACAGACAAAACA-TGA-

Similarity Score: 2

Scoring Matrix:
   0   -2   -4   -6   -8  -10  -12  -14  -16  -18  -20  -22  -24  -26  -28  -30  -32  -34  -36  -38
   0   -2   -4   -6   -8  -10  -12  -14  -16  -18  -20  -22  -24  -26  -28  -30  -32  -34  -36  -38
  -2    1   -1   -3   -5   -7   -9  -11  -13  -15  -17  -19  -21  -23  -25  -27  -29  -31  -33  -35
  -4   -1    2    0   -2   -4   -6   -8  -10  -12  -14  -16  -18  -20  -22  -24  -26  -28  -30  -32
  -6   -3    0    3    1   -1   -3   -5   -7   -9  -11  -13  -15  -17  -19  -21  -23  -25  -27  -29
  -8   -5   -2    1    4    2    0   -2   -4   -6   -8  -10  -12  -14  -16  -18  -20  -22  -24  -26
 -10   -7   -4   -1    2    3    1   -1   -3   -5   -7   -9  -11  -13  -15  -17  -19  -19  -21  -23
 -12   -9   -6   -3    0    3    2    2    0   -2   -4   -6   -8  -10  -12  -14  -16  -18  -20  -20
 -14  -11   -8   -5   -2    1    2    3    1    1   -1   -3   -5   -7   -9  -11  -13  -15  -17  -19
 -16  -13  -10   -7   -4   -1    0    3    2    2    0    0   -2   -4   -6   -8  -10  -12  -14  -16
 -18  -15  -12   -9   -6   -3    0    1    2    1    3    1   -1   -3   -5   -5   -7   -9  -11  -13
 -20  -17  -14  -11   -8   -5   -2    1    0    3    1    4    2    0   -2   -4   -4   -6   -8  -10
 -22  -19  -16  -13  -10   -7   -4   -1    2    1    2    2    3    1   -1   -3   -5   -5   -5   -7
 -24  -21  -18  -15  -12   -9   -6   -3    0    1    0    1    1    2    0   -2   -4   -4   -6   -6
 -26  -23  -20  -17  -14  -11   -8   -5   -2    1    0    1    2    2    3    1   -1   -3   -5   -5
 -28  -25  -22  -19  -16  -13  -10   -7   -4   -1    2    0    0    1    1    4    2    0   -2   -4
 -30  -27  -24  -21  -18  -15  -12   -9   -6   -3    0    3    1    1    2    2    5    3    1   -1
 -32  -29  -26  -23  -20  -17  -14  -11   -8   -5   -2    1    2    0    0    1    3    4    4    2
 -34  -31  -28  -25  -22  -19  -16  -13  -10   -7   -4   -1    0    1   -1   -1    1    4    3    3
 -36  -33  -30  -27  -24  -21  -18  -15  -12   -9   -6   -3    0    1    2    0    0    2    3    4
 -38  -35  -32  -29  -26  -23  -20  -17  -14  -11   -8   -5   -2    1    2    1    1    0    1    4
 -40  -37  -34  -31  -28  -25  -22  -19  -16  -13  -10   -7   -4   -1    0    1    0    0    1    2
